709
29 2 20 6
9 2 9 37
17 8 6 5
49 20 41 31
45 26 30 17
6 39 49 49
33 2 17 30
12 3 9 10
5 5 37 14
12 30 28 4
4 33 18 36
13 32 8 31
39 46 7 30
46 14 21 17
16 11 12 28
14 17 20 16
17 7 30 22
18 5 7 12
43 8 24 48
11 34 38 7
14 37 29 45
35 30 46 34
11 30 31 10
26 30 32 39
47 44 13 21
27 4 23 27
33 27 19 16
44 18 33 7
22 37 31 23
45 15 7 46
31 49 14 3
4 47 9 25
14 43 4 49
39 36 34 19
25 24 33 39
42 16 25 2
26 12 34 24
19 34 9 37
38 19 19 38
21 6 46 37
46 13 3 29
26 22 14 43
17 37 27 24
44 30 21 41
30 14 10 41
40 9 2 23
13 43 31 36
43 18 44 41
11 18 26 3
39 25 39 29
20 18 45 45
24 8 43 18
14 44 23 6
34 21 31 17
17 2 12 2
47 36 28 31
1 8 35 29
34 3 36 18
15 4 44 21
40 1 29 41
36 17 13 38
23 31 7 29
27 20 9 12
33 15 36 29
23 29 33 25
35 6 22 23
3 31 25 27
14 25 41 2
2 2 31 37
27 31 31 25
18 9 22 47
45 42 38 32
27 6 29 1
22 10 44 38
15 39 24 38
41 44 48 43
31 17 19 4
16 39 1 35
47 41 40 44
8 3 49 3
36 37 8 18
20 45 28 39
39 29 36 3
30 41 8 42
21 13 46 31
18 42 42 34
29 18 33 18
1 49 4 27
4 19 19 26
37 47 22 10
10 28 20 46
1 37 32 19
22 38 4 23
15 22 45 38
18 48 48 2
43 40 12 7
40 33 19 42
1 11 8 44
49 44 3 49
8 40 25 47
44 5 25 1
4 24 41 15
0 47 44 11
43 14 5 19
37 33 23 35
33 6 1 47
36 23 27 36
29 9 25 2
36 5 45 49
30 31 45 44
36 40 48 26
41 36 7 8
19 8 34 16
47 1 11 46
7 22 32 35
27 32 36 35
25 9 10 46
49 5 31 38
39 49 33 26
16 9 4 29
40 6 21 10
42 5 37 32
30 45 21 31
28 10 24 3
42 32 5 30
35 3 26 36
47 28 16 40
6 37 22 26
22 47 42 38
7 27 33 13
23 49 11 3
21 1 10 33
31 49 14 17
31 20 7 42
8 16 47 32
2 23 1 12
35 21 39 32
35 45 23 26
8 1 7 23
16 38 20 20
19 8 41 44
24 8 40 37
19 36 23 31
32 1 25 5
16 28 44 45
1 19 31 39
15 35 18 38
36 26 17 13
23 11 43 13
33 26 21 14
24 31 21 24
15 33 23 32
16 47 34 9
1 28 21 1
17 17 15 32
10 3 18 30
11 48 12 1
36 28 23 2
30 1 20 16
15 22 43 23
28 19 41 33
8 25 25 48
38 38 10 19
38 12 33 25
36 36 11 24
10 23 1 14
44 16 31 4
36 38 15 9
27 22 2 42
17 20 20 3
1 46 33 5
17 30 4 25
42 14 8 37
43 47 25 45
43 16 22 19
22 13 28 18
26 46 5 36
37 38 8 12
16 49 28 25
36 45 8 10
49 16 31 2
39 22 21 21
47 22 13 40
6 43 16 44
33 35 3 19
47 33 15 35
5 31 33 20
6 48 15 43
21 34 25 41
19 45 31 14
34 11 36 21
1 17 7 4
30 26 1 10
41 4 1 7
36 49 7 31
2 4 25 9
46 8 38 29
35 1 20 40
11 21 8 24
29 25 31 6
19 7 25 20
14 11 16 29
17 18 19 2
22 37 14 40
9 32 10 25
24 35 2 41
41 16 10 12
5 4 30 3
45 47 47 31
10 11 35 40
24 1 43 15
12 44 19 24
48 42 31 48
45 29 25 4
39 35 48 33
8 9 16 23
33 22 42 42
26 22 40 10
17 42 10 41
11 11 32 33
27 6 22 13
15 28 16 3
24 12 44 29
38 5 19 32
2 41 47 32
18 2 39 38
24 34 4 44
48 4 21 8
0 12 35 36
44 37 1 15
18 41 26 7
15 43 9 14
12 42 21 23
12 27 8 38
6 47 39 15
38 1 41 12
3 8 33 12
35 40 24 10
43 24 8 32
22 13 6 49
45 25 47 24
2 37 40 35
5 42 9 31
32 23 26 45
20 10 20 49
5 36 32 3
26 46 24 39
39 39 45 23
20 5 44 21
22 29 47 3
47 26 9 12
49 30 25 6
20 38 42 2
41 24 25 6
49 11 39 44
22 22 14 23
34 33 6 9
4 19 21 16
5 35 46 2
47 42 15 9
0 40 49 23
18 30 24 5
3 35 15 12
4 40 1 17
38 44 31 39
19 44 7 8
3 24 10 4
46 17 15 26
26 11 25 30
2 33 37 16
14 2 39 12
29 9 48 31
28 25 11 38
7 27 17 25
16 34 37 26
12 30 5 10
2 46 41 25
27 17 3 38
27 43 34 19
16 34 27 27
35 28 44 20
18 46 41 36
25 27 35 31
7 27 21 8
47 7 29 10
29 36 29 22
40 28 28 33
0 14 16 28
34 42 40 26
30 1 31 17
40 41 8 17
16 49 22 17
11 15 40 35
28 38 17 6
25 2 18 20
19 41 16 2
33 1 5 30
48 42 47 39
32 22 3 46
47 24 6 23
15 7 11 38
31 8 33 46
19 47 32 18
24 20 10 10
30 12 14 11
21 25 40 49
3 16 20 34
9 12 29 30
24 43 9 27
33 5 46 23
29 45 18 19
12 12 37 24
44 11 41 19
15 13 38 19
42 29 23 48
29 7 30 43
37 15 12 35
12 7 29 33
25 25 6 1
48 17 24 16
46 27 47 25
34 2 44 3
29 38 1 1
35 21 46 38
23 44 39 7
33 9 20 38
36 16 28 8
14 4 17 41
9 32 43 17
14 3 14 10
48 7 40 8
47 19 13 16
43 35 28 3
49 22 26 15
3 44 34 46
5 29 19 42
19 41 17 44
5 40 15 24
21 33 12 37
44 29 35 31
21 32 16 15
20 8 39 33
13 43 43 27
29 27 16 22
20 17 31 23
49 40 30 5
29 4 32 40
43 20 32 36
30 48 43 35
32 24 44 20
22 28 15 30
35 9 22 41
37 3 21 45
20 32 12 4
19 42 32 8
8 15 1 46
16 38 35 37
2 48 30 13
19 44 35 6
26 45 35 14
38 31 34 20
45 22 9 24
12 13 19 18
0 13 25 10
3 30 34 23
6 2 29 5
19 32 43 45
42 37 14 22
42 21 22 32
31 23 9 27
43 2 30 38
11 28 23 25
24 30 48 48
14 30 37 34
16 33 25 41
39 36 32 8
24 32 2 19
16 25 12 5
41 24 40 45
17 22 18 17
40 28 35 3
33 41 14 27
26 21 8 32
12 30 34 45
15 2 8 14
12 6 20 18
1 32 48 42
34 39 1 26
2 36 46 40
23 48 25 48
17 30 15 1
46 8 41 19
19 14 23 3
11 11 49 26
42 40 18 13
37 44 31 2
38 39 39 38
21 18 20 7
21 41 39 45
34 28 3 9
26 44 9 15
37 3 5 1
40 36 13 16
14 23 3 46
26 33 33 30
36 29 21 45
3 37 27 18
31 10 4 36
29 35 39 31
14 8 13 12
25 9 29 8
0 28 20 11
42 2 38 39
36 49 22 6
42 46 31 8
5 29 12 15
13 44 15 29
35 36 42 5
12 26 49 37
4 31 10 4
37 18 18 30
3 1 33 48
18 39 37 5
4 47 49 36
23 17 2 47
13 18 22 42
27 46 48 26
2 47 46 23
29 42 10 14
2 26 29 26
12 38 20 41
16 27 37 45
27 15 41 27
29 10 23 13
19 24 26 22
29 30 26 7
27 11 30 39
39 39 19 24
46 10 15 32
22 37 12 20
4 43 3 11
39 41 45 34
41 23 46 20
31 11 49 49
44 21 45 27
27 15 29 34
49 9 39 45
24 38 29 7
17 27 37 26
15 41 30 12
12 23 32 2
47 31 37 13
12 14 5 46
0 43 4 36
2 23 10 28
39 20 17 32
46 39 18 4
47 48 21 25
18 12 9 27
38 20 14 13
25 29 19 45
42 5 29 20
35 21 23 33
48 36 34 35
23 8 1 17
11 33 30 26
4 20 37 45
15 37 32 40
1 20 39 43
33 17 30 48
34 8 27 6
46 40 27 7
13 15 28 3
6 3 34 12
46 5 49 30
31 30 21 22
0 27 21 45
32 47 27 11
28 37 40 43
24 10 41 31
41 26 19 27
38 11 37 28
45 12 29 47
47 11 16 24
17 43 46 46
48 26 30 34
6 13 33 1
10 10 43 25
49 31 9 30
21 45 11 45
25 21 29 38
10 17 30 37
22 47 33 15
7 40 9 45
38 28 24 21
30 32 31 3
19 39 3 39
43 14 19 28
15 17 8 31
45 21 36 31
17 24 7 37
27 47 3 26
45 6 8 12
25 22 24 33
30 34 35 21
41 27 5 5
48 38 33 26
44 40 37 12
4 24 27 1
27 24 19 45
33 42 8 36
42 10 25 35
16 23 23 23
39 39 9 10
5 22 24 18
49 39 22 27
2 13 4 46
40 48 19 22
10 10 27 31
9 39 36 36
34 30 36 18
11 21 17 27
0 33 22 29
27 5 15 4
28 49 24 19
2 3 28 20
42 31 15 25
49 33 30 8
45 35 17 3
34 38 5 28
7 39 49 37
7 34 11 18
30 7 8 14
12 17 1 43
8 23 35 41
12 46 46 7
44 34 49 38
16 38 40 28
5 35 21 46
31 40 22 21
30 48 19 1
12 9 14 49
29 41 44 31
34 13 30 37
32 11 49 36
41 25 46 46
18 30 5 28
33 21 33 49
37 31 31 11
46 13 27 4
21 39 44 24
42 12 8 29
47 34 2 41
2 30 9 7
37 20 16 21
16 3 15 42
14 38 39 16
20 29 33 10
37 40 12 12
31 39 35 34
2 5 20 9
30 5 21 17
5 3 5 16
48 48 6 13
6 8 35 11
32 42 20 26
46 29 14 36
36 48 12 26
36 43 15 38
7 31 1 42
8 47 6 4
38 30 5 25
40 3 7 48
12 11 13 47
7 20 19 15
25 25 26 18
6 5 36 1
44 41 11 36
16 45 2 6
42 29 9 9
36 9 18 46
17 40 3 26
16 27 13 42
14 26 43 31
37 22 17 7
48 41 31 17
42 34 39 47
16 32 43 10
16 37 1 20
26 12 13 38
37 27 2 14
36 16 20 21
9 42 29 30
42 28 38 36
3 19 34 13
44 29 37 32
2 15 24 13
49 37 17 22
47 9 43 29
27 43 24 6
20 22 11 46
42 31 24 42
29 12 28 31
27 27 35 6
46 24 36 29
20 15 20 26
20 14 30 1
46 15 40 13
31 16 12 29
16 38 46 21
47 14 49 8
37 20 1 40
18 12 9 12
12 19 40 24
14 16 18 7
42 23 30 32
22 41 36 17
10 33 27 14
34 18 31 22
11 5 1 49
3 42 11 23
10 34 8 46
4 26 7 49
6 18 7 6
11 27 36 8
32 10 17 1
49 19 22 40
41 40 46 35
1 11 44 15
24 12 45 32
0 3 6 29
48 6 36 19
32 37 19 34
22 32 1 42
21 40 19 16
8 19 3 48
24 11 25 35
15 48 24 37
14 11 9 11
39 7 32 19
14 15 46 7
27 15 31 15
0 42 4 30
11 23 39 42
10 45 5 39
17 43 21 18
4 46 31 28
17 40 38 24
41 40 17 28
14 33 47 10
36 15 14 22
27 24 23 32
21 25 29 41
44 28 35 45
18 37 31 30
20 17 8 42
45 24 14 8
19 45 7 25
1 23 7 1
2 5 25 49
1 49 41 13
26 15 18 22
33 21 39 24
34 10 9 27
44 44 37 32
38 10 26 10
31 20 43 47
40 28 22 7
41 28 29 46
34 47 28 25
20 6 44 49
16 14 42 41
9 43 40 26
19 47 43 44
41 47 31 11
38 6 36 28
8 24 37 38
13 26 16 30
0 21 31 34
39 24 43 16
22 19 45 10
43 21 34 3
49 25 11 7
12 30 31 41
29 31 37 14
3 19 21 39
21 33 2 38
47 29 20 45
47 2 43 26
37 24 27 11
22 28 7 22
28 24 9 47
41 16 16 34
25 31 12 27
26 30 35 47
4 24 7 11
31 22 44 7
8 15 28 31
1 17 8 6
47 17 23 20
3 7 27 35
8 13 6 23
1 26 29 8
3 38 10 19
24 15 11 9
47 25 49 16
16 30 37 32
18 16 13 24
37 28 30 12
17962
17940  9523  17597
17926  12947  2526
12584  14581  17475
17524  15024  9280
9574  6494  17292
11189  3814  626
13899  6666  1321
17871  17087  13442
17772  11241  15627
7445  11020  17020
11414  13574  15662
13415  6252  4091
6485  17207  8173
12570  11600  4801
17319  15065  2830
17121  8521  15065
17218  1904  5320
17621  16955  16964
17736  10571  1382
14174  5017  16957
14541  13610  15432
14675  5529  1807
14029  5163  2053
2972  4181  524
13539  16787  10250
17867  6862  497
10885  15791  17004
13921  7822  17385
1905  2207  14779
15918  16429  9795
12474  17232  14200
6924  10907  7718
730  12765  2345
14908  10784  14089
4629  786  14342
11037  3789  17587
11139  14739  13668
7968  10818  9639
12860  1475  1283
17030  3708  13332
16529  14680  4608
12452  16659  13476
5237  15903  15310
11614  10039  5789
17274  3199  6145
5626  17346  11347
13254  14815  14514
9016  1934  11912
12924  2546  17392
9692  2843  6412
14612  2501  2063
17850  1727  16006
6317  12742  17564
15621  12567  12953
17942  14239  17488
14368  2612  5289
11671  4841  8664
17923  10168  17490
17832  9265  9725
17944  3568  13606
4981  2640  6186
2252  12147  5260
9502  16888  16728
17493  4947  14625
3043  8456  5699
15089  15500  1858
12630  13268  4147
15893  8002  17629
17898  4916  12038
6042  12048  13307
12688  11093  1236
15690  16971  4899
17930  8381  17376
15166  4484  8135
10778  7855  2640
9330  14077  11751
5320  13103  17480
8803  15813  6995
16542  5334  2927
17330  2110  11794
293  16812  17134
494  4123  13703
4553  12621  17631
2365  17096  1536
17205  897  12217
8883  12666  6111
16316  16515  6682
7821  16949  16241
8583  6136  8046
99  7424  16947
6531  8501  11557
9105  6220  16677
13949  15814  17152
10377  397  9569
3072  2159  17627
3829  11496  13846
10852  7154  12268
483  14505  14885
2549  16784  11163
14462  819  450
12879  9436  17539
1726  1246  15050
4582  15666  16074
10298  16576  13587
11950  12598  9172
14456  17290  10898
12884  3910  7643
14447  16302  17625
16440  9330  8866
17450  5733  1911
1465  9959  3894
13160  14872  17552
17798  2734  16028
17956  14228  3071
2858  11846  5071
13336  13780  2018
17703  17191  6883
17858  16327  13549
2283  4071  15193
11337  17315  7175
17626  4369  14471
14208  5408  5912
15789  10636  3821
13939  3043  17470
14876  8951  3966
948  1992  11062
15642  6931  11421
11860  7301  7088
3891  8252  36
3617  13037  11408
10452  9130  17609
2971  14965  5342
4383  2487  2605
9085  4036  7892
330  7745  16696
10343  17104  9607
7015  8850  15541
2033  4983  10747
17939  3020  11324
6559  13667  14047
2541  7224  12759
17836  2572  9479
3369  256  8072
16816  3597  17192
14991  6371  10316
13235  3956  12868
6401  11048  14834
6152  14251  14872
8002  5870  17112
14735  9587  12939
13739  7133  14711
16770  11577  375
3562  5495  15399
7475  11371  17484
1160  15212  13853
15573  6155  6441
1985  10156  17643
14761  13494  17640
17877  9503  12923
15122  1658  6659
6794  13985  5106
1634  6524  8401
1378  16841  16985
16583  13928  6834
12340  5006  8377
5274  17348  2740
3027  11546  16923
12822  16006  17461
1612  17136  7133
6022  7559  17620
8207  13334  7231
7266  17295  1165
4261  11887  2308
12523  521  10271
15450  13312  17395
17596  12884  3788
11461  17341  1633
10214  16907  12602
14319  5778  9372
10501  7879  14461
11547  9141  17595
13099  9207  10474
9717  1714  6071
15379  14879  4423
9264  17218  15916
1579  15735  4968
5082  4716  16054
3781  6356  12408
1208  974  6618
4338  3415  14427
12592  10979  10557
7428  4829  17560
8134  16820  8464
17712  17131  8979
244  14026  9841
10960  12769  17414
17097  4300  11134
17958  10204  1701
383  16037  6859
15834  8819  17052
17609  15561  13909
8961  577  15698
9067  12431  17473
11346  11925  6471
5536  12937  7679
8253  17288  5219
17105  7963  16748
17778  13122  17309
589  3622  9213
17508  9468  6031
17878  12477  3274
4861  12365  12697
9998  943  12328
12752  13846  17125
5960  4390  16890
17481  3027  16799
16817  5233  6747
4452  12956  11804
7296  12355  12656
3551  14549  3241
17844  7363  15037
13050  15818  17073
14307  14033  1604
17616  16682  13814
10671  10066  8103
11669  7480  3996
14578  17311  2482
11383  12126  17377
0  10944  11098
2459  17319  14032
8842  1374  8502
15201  17122  8986
11818  11350  5761
12697  11795  17246
8042  5124  17058
17919  13739  17040
17816  5656  11249
3120  15476  17343
15732  13395  10122
15366  10060  5574
11507  10239  16085
13623  8312  989
50  17279  14270
13716  14846  3319
15518  11330  2858
3745  3167  16372
8679  9375  10180
4299  10526  13284
15054  3485  16351
12423  3863  17605
16063  16673  15824
16410  8956  17353
1867  10657  17585
10067  12912  17085
12405  999  10015
15144  16119  5048
2332  14300  2108
15554  9901  9311
7578  16045  17603
4758  17159  15972
1750  16380  7298
3300  11472  14605
15019  13403  12151
404  17334  15415
4998  12017  3176
200  17304  16768
5909  15656  17508
12907  6341  721
4145  2709  11663
2626  11947  1024
17824  11648  14983
17632  1819  15162
2659  2476  14162
6597  12109  1511
16595  13517  10154
15059  17247  15477
5161  2653  13230
16854  16897  4053
5480  2896  8915
7544  7106  6591
9769  10827  12248
6178  15330  14301
15095  67  9327
356  5474  16740
17791  5966  15962
11001  8352  16316
15422  5275  1430
10200  14364  7560
16205  11149  11278
17777  14513  15610
6753  11939  15354
5577  11189  1841
16755  279  9397
4001  10595  17579
17885  2292  2907
7613  1066  17593
17957  17320  10987
6882  319  3643
11679  17299  10827
3721  16915  14929
17687  15077  3427
17576  10286  3920
3938  16150  16223
15670  16921  3117
17394  16358  17423
8160  4577  13742
16644  2053  15836
17584  16851  10603
1942  3348  15135
17333  14587  7030
2496  2930  4034
17659  9228  13452
17565  12996  15805
11248  12242  7114
2153  5943  7844
17427  13224  14227
4800  16581  4537
17765  10726  4866
11589  16023  17613
15244  11125  15521
10568  8708  7743
17928  9032  17570
6102  17214  17646
16334  1612  5993
8972  16263  11797
17694  7698  10084
17434  15279  17284
17915  6612  7477
9172  9765  2723
17936  16249  13369
16003  102  13660
17036  15118  9960
9922  10916  17617
3869  6315  5746
1088  4682  5173
6073  7173  12614
7503  7617  9128
8487  3357  8022
10164  12520  4931
17365  3754  1351
10639  7729  14764
16680  9631  851
3508  3372  14005
17338  14643  11603
16688  13897  2459
12300  7792  8693
17863  14268  9920
16010  10007  10633
14828  1400  4766
13987  5689  13020
2783  3987  13519
17947  15966  1977
17562  15586  4210
6254  16503  15537
9460  14387  747
2444  17340  2175
6813  1494  2989
10912  4151  17024
8334  8673  15219
9403  5831  7704
6286  6885  9516
9747  14806  13885
5207  4104  12741
12781  12309  17218
9892  4002  13791
17900  5445  16555
15933  7000  6511
7931  13254  14067
17406  3209  1133
2229  9321  10361
17902  17028  15272
11261  15307  10873
773  14457  1085
9204  2073  10523
16030  5806  148
10416  1443  14453
2121  16953  12565
1505  16800  12584
14251  7323  581
2684  13592  800
12794  6280  17037
3467  2882  3596
15479  16372  4664
9234  1109  9060
17945  16880  15487
4815  11526  12310
12125  5575  7518
444  16502  12163
5827  21  8740
7338  15710  4718
16170  16470  17644
15471  15750  2117
11447  8620  16292
5113  12193  11036
6630  15988  13647
146  642  17623
14502  3446  3750
14011  2456  17175
5390  3529  12075
15295  17229  16976
10595  16821  14610
17874  4836  17637
13680  1701  16586
5297  15810  11953
2593  5623  2765
7036  8097  1040
7702  11066  15081
16959  16498  9244
3223  5194  13088
3609  16205  16776
3435  12280  10007
1132  15131  5488
17560  4262  6373
1530  14206  4818
3644  5303  16183
12376  6919  15874
6971  16644  2279
4945  12824  5784
11563  1770  10437
9299  14145  16024
5712  15638  3397
10040  8219  13040
4222  9670  17129
7161  1563  4285
17138  10699  5623
14973  11704  4824
10252  2408  7321
9600  8130  12803
7739  15860  13006
12255  10755  14108
8527  6842  16109
5777  3231  755
15988  1287  4637
17806  4893  10578
16935  3067  14140
14705  6752  15408
17904  8643  11999
3330  3937  9771
17288  2694  16401
5124  8489  11304
869  11122  17437
2930  3303  5139
5367  8410  5830
2919  2359  326
15345  6027  14550
8925  15522  3562
16871  7887  5003
4653  188  12826
11387  6963  1578
1023  13816  14971
5804  217  12376
3690  11734  16535
15176  11015  5866
9522  17132  0
1844  14633  6929
4432  13378  7944
2880  11278  17325
16705  14659  15981
16158  11878  7204
13901  7988  16482
2754  1047  5402
8765  4617  12721
7110  5055  3364
912  5374  2795
17744  17350  17359
8770  12079  189
11228  9922  13159
16993  5995  8624
12157  11392  407
10399  15088  3473
9739  1082  9358
9797  2265  15347
16395  13639  17485
10197  11296  17540
16200  6563  3289
9142  16730  5724
13447  0  12520
13368  12450  16645
10964  7519  4380
13474  13152  13974
16901  17009  7768
16890  4792  11529
577  3093  15225
17887  9016  7619
803  4438  675
11727  13709  4346
16803  15870  17639
190  10113  4321
2723  1038  4255
14630  11431  13929
17076  8043  6224
8025  11211  15573
1242  6072  7283
13583  2350  6789
13829  13961  15641
14275  16218  17434
13196  17215  2136
3188  16444  8474
9675  9707  9000
13078  10446  117
11926  16029  11212
6670  17292  15779
4474  17221  6579
8185  7192  9536
5635  2018  17091
1817  14544  14337
14213  15246  13204
5042  7926  16927
16089  2238  17460
16969  12532  3026
688  11726  15099
17726  8072  11814
3444  9608  9105
984  15851  7934
12971  6778  1741
16490  13081  15889
5523  5866  11461
7654  1227  4696
636  16549  295
14789  9808  4174
16113  10871  2971
15533  14698  16602
11106  12720  13255
12993  16091  17589
1416  16760  9901
17155  7670  3623
14059  14683  16457
9034  12794  3465
6436  11687  17634
16452  15556  11625
13297  593  2242
12054  9076  2622
92  17252  10973
6717  17349  74
15965  2808  5499
5863  8541  16502
8602  6415  15727
539  2310  14577
13794  12334  10701
6361  13418  11891
8439  15227  17645
5568  1978  7795
4039  10482  9976
17752  11895  8780
10712  10357  3682
11644  14975  8244
6224  17260  10495
3202  8587  10388
10312  14155  16788
12217  11621  15870
13121  6708  14660
12618  15843  9872
15261  16021  8336
11076  844  16656
4905  16616  16295
17959  7973  947
11151  12154  13379
17225  11984  14381
4821  8118  14441
9837  9172  817
17519  14125  17076
15466  8798  16150
17656  15551  12907
11289  13293  16338
16927  15441  17228
646  14186  3215
9374  6549  4572
4505  12708  16509
2078  10224  6957
17174  16036  3852
2182  17201  10823
3405  17325  10059
17920  9461  1759
10817  16106  6326
17254  14438  14481
4197  13440  14496
16660  1328  17642
4156  13367  14391
8089  17338  14654
14944  12657  17519
17782  12866  8290
7781  17188  6262
5995  2980  11849
10041  1184  916
15323  17105  17512
1337  8889  11261
1659  7385  6700
16284  11803  11653
12088  16548  15501
9448  16485  13404
12661  17336  15765
9876  13554  2221
13857  16701  1881
9647  10319  12970
7875  7446  15334
12942  9399  16191
16143  10612  17312
7894  16133  11507
9565  8755  5670
8636  14715  13153
10546  13070  1190
10747  11771  8698
6140  14937  7588
5933  8981  17573
10828  9844  12491
16665  12384  8817
10150  5913  17608
12603  6802  12589
17544  9309  9031
2406  142  17197
15756  4213  16939
4925  17335  4497
8013  16751  17448
15576  10406  16433
3985  8294  16866
11053  6464  10669
9957  7265  16873
951  15371  16663
8565  4338  1955
15528  17291  3127
7386  16931  8843
15859  16436  249
15595  16942  5944
15500  16900  9207
1790  4646  15935
16880  7089  17612
13520  15607  12451
16355  5078  12833
15190  477  8449
12998  741  14802
17490  16835  14735
6624  7634  14952
16247  14773  13119
4080  17246  7396
12177  14419  5850
15770  15021  1463
10366  10701  7053
1289  15188  10773
10115  16962  17528
12416  2948  11017
7146  7043  17239
16839  710  3806
3258  17330  4467
13484  3669  2563
4713  16830  7438
14404  9880  563
8288  13193  15371
13010  7579  12120
8725  4876  12189
4112  6173  17182
7131  14792  8548
13770  16593  884
4480  14306  5447
3160  442  8934
11753  6105  12378
8378  17180  14995
11983  17265  9364
7065  11115  4122
846  249  17638
7870  6683  9676
5431  1143  10810
11532  11508  16844
8940  9726  16268
346  15629  14684
8395  673  3718
17716  13871  8570
13660  15398  7236
14090  13687  12144
11790  14335  7976
12007  4043  9746
17879  853  7347
6471  14895  3521
5669  2768  16375
2811  4749  8580
5730  8920  2754
17826  15930  10945
10723  15151  11370
14148  6947  2429
17298  366  5540
10126  9087  16629
12281  3122  16044
17055  1529  17614
12230  7718  16495
7236  546  8203
6851  1867  17329
6734  17138  8509
1693  17302  6288
11897  6260  2678
16753  8176  16560
10091  12404  11740
12724  16463  16822
1064  15834  9432
17158  12551  215
1177  16632  5375
14118  3268  11693
4275  14380  13692
4691  9543  16548
17641  13466  10219
5220  7216  14134
2706  16182  9619
16445  2993  2394
13507  17174  6556
11701  17058  16760
12  1364  15943
16629  9715  13395
3002  4528  16167
5337  6629  1669
17671  13299  14203
7208  11442  10591