709
29 2 20 6
9 2 9 37
17 8 6 5
49 20 41 31
45 26 30 17
6 39 49 49
33 2 17 30
12 3 9 10
5 5 37 14
12 30 28 4
4 33 18 36
13 32 8 31
39 46 7 30
46 14 21 17
16 11 12 28
14 17 20 16
17 7 30 22
18 5 7 12
43 8 24 48
11 34 38 7
14 37 29 45
35 30 46 34
11 30 31 10
26 30 32 39
47 44 13 21
27 4 23 27
33 27 19 16
44 18 33 7
22 37 31 23
45 15 7 46
31 49 14 3
4 47 9 25
14 43 4 49
39 36 34 19
25 24 33 39
42 16 25 2
26 12 34 24
19 34 9 37
38 19 19 38
21 6 46 37
46 13 3 29
26 22 14 43
17 37 27 24
44 30 21 41
30 14 10 41
40 9 2 23
13 43 31 36
43 18 44 41
11 18 26 3
39 25 39 29
20 18 45 45
24 8 43 18
14 44 23 6
34 21 31 17
17 2 12 2
47 36 28 31
1 8 35 29
34 3 36 18
15 4 44 21
40 1 29 41
36 17 13 38
23 31 7 29
27 20 9 12
33 15 36 29
23 29 33 25
35 6 22 23
3 31 25 27
14 25 41 2
2 2 31 37
27 31 31 25
18 9 22 47
45 42 38 32
27 6 29 1
22 10 44 38
15 39 24 38
41 44 48 43
31 17 19 4
16 39 1 35
47 41 40 44
8 3 49 3
36 37 8 18
20 45 28 39
39 29 36 3
30 41 8 42
21 13 46 31
18 42 42 34
29 18 33 18
1 49 4 27
4 19 19 26
37 47 22 10
10 28 20 46
1 37 32 19
22 38 4 23
15 22 45 38
18 48 48 2
43 40 12 7
40 33 19 42
1 11 8 44
49 44 3 49
8 40 25 47
44 5 25 1
4 24 41 15
0 47 44 11
43 14 5 19
37 33 23 35
33 6 1 47
36 23 27 36
29 9 25 2
36 5 45 49
30 31 45 44
36 40 48 26
41 36 7 8
19 8 34 16
47 1 11 46
7 22 32 35
27 32 36 35
25 9 10 46
49 5 31 38
39 49 33 26
16 9 4 29
40 6 21 10
42 5 37 32
30 45 21 31
28 10 24 3
42 32 5 30
35 3 26 36
47 28 16 40
6 37 22 26
22 47 42 38
7 27 33 13
23 49 11 3
21 1 10 33
31 49 14 17
31 20 7 42
8 16 47 32
2 23 1 12
35 21 39 32
35 45 23 26
8 1 7 23
16 38 20 20
19 8 41 44
24 8 40 37
19 36 23 31
32 1 25 5
16 28 44 45
1 19 31 39
15 35 18 38
36 26 17 13
23 11 43 13
33 26 21 14
24 31 21 24
15 33 23 32
16 47 34 9
1 28 21 1
17 17 15 32
10 3 18 30
11 48 12 1
36 28 23 2
30 1 20 16
15 22 43 23
28 19 41 33
8 25 25 48
38 38 10 19
38 12 33 25
36 36 11 24
10 23 1 14
44 16 31 4
36 38 15 9
27 22 2 42
17 20 20 3
1 46 33 5
17 30 4 25
42 14 8 37
43 47 25 45
43 16 22 19
22 13 28 18
26 46 5 36
37 38 8 12
16 49 28 25
36 45 8 10
49 16 31 2
39 22 21 21
47 22 13 40
6 43 16 44
33 35 3 19
47 33 15 35
5 31 33 20
6 48 15 43
21 34 25 41
19 45 31 14
34 11 36 21
1 17 7 4
30 26 1 10
41 4 1 7
36 49 7 31
2 4 25 9
46 8 38 29
35 1 20 40
11 21 8 24
29 25 31 6
19 7 25 20
14 11 16 29
17 18 19 2
22 37 14 40
9 32 10 25
24 35 2 41
41 16 10 12
5 4 30 3
45 47 47 31
10 11 35 40
24 1 43 15
12 44 19 24
48 42 31 48
45 29 25 4
39 35 48 33
8 9 16 23
33 22 42 42
26 22 40 10
17 42 10 41
11 11 32 33
27 6 22 13
15 28 16 3
24 12 44 29
38 5 19 32
2 41 47 32
18 2 39 38
24 34 4 44
48 4 21 8
0 12 35 36
44 37 1 15
18 41 26 7
15 43 9 14
12 42 21 23
12 27 8 38
6 47 39 15
38 1 41 12
3 8 33 12
35 40 24 10
43 24 8 32
22 13 6 49
45 25 47 24
2 37 40 35
5 42 9 31
32 23 26 45
20 10 20 49
5 36 32 3
26 46 24 39
39 39 45 23
20 5 44 21
22 29 47 3
47 26 9 12
49 30 25 6
20 38 42 2
41 24 25 6
49 11 39 44
22 22 14 23
34 33 6 9
4 19 21 16
5 35 46 2
47 42 15 9
0 40 49 23
18 30 24 5
3 35 15 12
4 40 1 17
38 44 31 39
19 44 7 8
3 24 10 4
46 17 15 26
26 11 25 30
2 33 37 16
14 2 39 12
29 9 48 31
28 25 11 38
7 27 17 25
16 34 37 26
12 30 5 10
2 46 41 25
27 17 3 38
27 43 34 19
16 34 27 27
35 28 44 20
18 46 41 36
25 27 35 31
7 27 21 8
47 7 29 10
29 36 29 22
40 28 28 33
0 14 16 28
34 42 40 26
30 1 31 17
40 41 8 17
16 49 22 17
11 15 40 35
28 38 17 6
25 2 18 20
19 41 16 2
33 1 5 30
48 42 47 39
32 22 3 46
47 24 6 23
15 7 11 38
31 8 33 46
19 47 32 18
24 20 10 10
30 12 14 11
21 25 40 49
3 16 20 34
9 12 29 30
24 43 9 27
33 5 46 23
29 45 18 19
12 12 37 24
44 11 41 19
15 13 38 19
42 29 23 48
29 7 30 43
37 15 12 35
12 7 29 33
25 25 6 1
48 17 24 16
46 27 47 25
34 2 44 3
29 38 1 1
35 21 46 38
23 44 39 7
33 9 20 38
36 16 28 8
14 4 17 41
9 32 43 17
14 3 14 10
48 7 40 8
47 19 13 16
43 35 28 3
49 22 26 15
3 44 34 46
5 29 19 42
19 41 17 44
5 40 15 24
21 33 12 37
44 29 35 31
21 32 16 15
20 8 39 33
13 43 43 27
29 27 16 22
20 17 31 23
49 40 30 5
29 4 32 40
43 20 32 36
30 48 43 35
32 24 44 20
22 28 15 30
35 9 22 41
37 3 21 45
20 32 12 4
19 42 32 8
8 15 1 46
16 38 35 37
2 48 30 13
19 44 35 6
26 45 35 14
38 31 34 20
45 22 9 24
12 13 19 18
0 13 25 10
3 30 34 23
6 2 29 5
19 32 43 45
42 37 14 22
42 21 22 32
31 23 9 27
43 2 30 38
11 28 23 25
24 30 48 48
14 30 37 34
16 33 25 41
39 36 32 8
24 32 2 19
16 25 12 5
41 24 40 45
17 22 18 17
40 28 35 3
33 41 14 27
26 21 8 32
12 30 34 45
15 2 8 14
12 6 20 18
1 32 48 42
34 39 1 26
2 36 46 40
23 48 25 48
17 30 15 1
46 8 41 19
19 14 23 3
11 11 49 26
42 40 18 13
37 44 31 2
38 39 39 38
21 18 20 7
21 41 39 45
34 28 3 9
26 44 9 15
37 3 5 1
40 36 13 16
14 23 3 46
26 33 33 30
36 29 21 45
3 37 27 18
31 10 4 36
29 35 39 31
14 8 13 12
25 9 29 8
0 28 20 11
42 2 38 39
36 49 22 6
42 46 31 8
5 29 12 15
13 44 15 29
35 36 42 5
12 26 49 37
4 31 10 4
37 18 18 30
3 1 33 48
18 39 37 5
4 47 49 36
23 17 2 47
13 18 22 42
27 46 48 26
2 47 46 23
29 42 10 14
2 26 29 26
12 38 20 41
16 27 37 45
27 15 41 27
29 10 23 13
19 24 26 22
29 30 26 7
27 11 30 39
39 39 19 24
46 10 15 32
22 37 12 20
4 43 3 11
39 41 45 34
41 23 46 20
31 11 49 49
44 21 45 27
27 15 29 34
49 9 39 45
24 38 29 7
17 27 37 26
15 41 30 12
12 23 32 2
47 31 37 13
12 14 5 46
0 43 4 36
2 23 10 28
39 20 17 32
46 39 18 4
47 48 21 25
18 12 9 27
38 20 14 13
25 29 19 45
42 5 29 20
35 21 23 33
48 36 34 35
23 8 1 17
11 33 30 26
4 20 37 45
15 37 32 40
1 20 39 43
33 17 30 48
34 8 27 6
46 40 27 7
13 15 28 3
6 3 34 12
46 5 49 30
31 30 21 22
0 27 21 45
32 47 27 11
28 37 40 43
24 10 41 31
41 26 19 27
38 11 37 28
45 12 29 47
47 11 16 24
17 43 46 46
48 26 30 34
6 13 33 1
10 10 43 25
49 31 9 30
21 45 11 45
25 21 29 38
10 17 30 37
22 47 33 15
7 40 9 45
38 28 24 21
30 32 31 3
19 39 3 39
43 14 19 28
15 17 8 31
45 21 36 31
17 24 7 37
27 47 3 26
45 6 8 12
25 22 24 33
30 34 35 21
41 27 5 5
48 38 33 26
44 40 37 12
4 24 27 1
27 24 19 45
33 42 8 36
42 10 25 35
16 23 23 23
39 39 9 10
5 22 24 18
49 39 22 27
2 13 4 46
40 48 19 22
10 10 27 31
9 39 36 36
34 30 36 18
11 21 17 27
0 33 22 29
27 5 15 4
28 49 24 19
2 3 28 20
42 31 15 25
49 33 30 8
45 35 17 3
34 38 5 28
7 39 49 37
7 34 11 18
30 7 8 14
12 17 1 43
8 23 35 41
12 46 46 7
44 34 49 38
16 38 40 28
5 35 21 46
31 40 22 21
30 48 19 1
12 9 14 49
29 41 44 31
34 13 30 37
32 11 49 36
41 25 46 46
18 30 5 28
33 21 33 49
37 31 31 11
46 13 27 4
21 39 44 24
42 12 8 29
47 34 2 41
2 30 9 7
37 20 16 21
16 3 15 42
14 38 39 16
20 29 33 10
37 40 12 12
31 39 35 34
2 5 20 9
30 5 21 17
5 3 5 16
48 48 6 13
6 8 35 11
32 42 20 26
46 29 14 36
36 48 12 26
36 43 15 38
7 31 1 42
8 47 6 4
38 30 5 25
40 3 7 48
12 11 13 47
7 20 19 15
25 25 26 18
6 5 36 1
44 41 11 36
16 45 2 6
42 29 9 9
36 9 18 46
17 40 3 26
16 27 13 42
14 26 43 31
37 22 17 7
48 41 31 17
42 34 39 47
16 32 43 10
16 37 1 20
26 12 13 38
37 27 2 14
36 16 20 21
9 42 29 30
42 28 38 36
3 19 34 13
44 29 37 32
2 15 24 13
49 37 17 22
47 9 43 29
27 43 24 6
20 22 11 46
42 31 24 42
29 12 28 31
27 27 35 6
46 24 36 29
20 15 20 26
20 14 30 1
46 15 40 13
31 16 12 29
16 38 46 21
47 14 49 8
37 20 1 40
18 12 9 12
12 19 40 24
14 16 18 7
42 23 30 32
22 41 36 17
10 33 27 14
34 18 31 22
11 5 1 49
3 42 11 23
10 34 8 46
4 26 7 49
6 18 7 6
11 27 36 8
32 10 17 1
49 19 22 40
41 40 46 35
1 11 44 15
24 12 45 32
0 3 6 29
48 6 36 19
32 37 19 34
22 32 1 42
21 40 19 16
8 19 3 48
24 11 25 35
15 48 24 37
14 11 9 11
39 7 32 19
14 15 46 7
27 15 31 15
0 42 4 30
11 23 39 42
10 45 5 39
17 43 21 18
4 46 31 28
17 40 38 24
41 40 17 28
14 33 47 10
36 15 14 22
27 24 23 32
21 25 29 41
44 28 35 45
18 37 31 30
20 17 8 42
45 24 14 8
19 45 7 25
1 23 7 1
2 5 25 49
1 49 41 13
26 15 18 22
33 21 39 24
34 10 9 27
44 44 37 32
38 10 26 10
31 20 43 47
40 28 22 7
41 28 29 46
34 47 28 25
20 6 44 49
16 14 42 41
9 43 40 26
19 47 43 44
41 47 31 11
38 6 36 28
8 24 37 38
13 26 16 30
0 21 31 34
39 24 43 16
22 19 45 10
43 21 34 3
49 25 11 7
12 30 31 41
29 31 37 14
3 19 21 39
21 33 2 38
47 29 20 45
47 2 43 26
37 24 27 11
22 28 7 22
28 24 9 47
41 16 16 34
25 31 12 27
26 30 35 47
4 24 7 11
31 22 44 7
8 15 28 31
1 17 8 6
47 17 23 20
3 7 27 35
8 13 6 23
1 26 29 8
3 38 10 19
24 15 11 9
47 25 49 16
16 30 37 32
18 16 13 24
37 28 30 12